kpc/(km/s)
-381.180761166770
-371.406895495828
-361.633029824885
-351.859164153942
-342.085298482999
-332.311432812056
-322.537567141113
-312.763701470171
-302.989835799228
-293.215970128285
-283.442104457342
-273.668238786399
-263.894373115456
-254.120507444514
-244.346641773571
-234.572776102628
-224.798910431685
-215.025044760742
-205.251179089799
-195.477313418857
-185.703447747914
-175.929582076971
-166.155716406028
-156.381850735085
-146.607985064142
-136.834119393200
-127.060253722257
-117.286388051314
-107.512522380371
-97.738656709428
-87.964791038485
-78.190925367543
-68.417059696600
-58.643194025657
-48.869328354714
-39.095462683771
-29.321597012829
-19.547731341886
-9.773865670943
0.000000000000
