Myr
0.0188679
0.0377358
0.0566038
0.0754717
0.0943396
0.1132075
0.1320755
0.1509434
0.1698113
0.1886792
0.2075472
0.2264151
0.2452830
0.2641509
0.2830189
0.3018868
0.3207547
0.3396226
0.3584906
0.3773585
0.3962264
0.4150943
0.4339623
0.4528302
0.4716981
0.4905660
0.5094340
0.5283019
0.5471698
0.5660377
0.5849057
0.6037736
0.6226415
0.6415094
0.6603774
0.6792453
0.6981132
0.7169811
0.7358491
0.7547170
0.7735849
0.7924528
0.8113208
0.8301887
0.8490566
0.8679245
0.8867925
0.9056604
0.9245283
0.9433962
0.9622642
0.9811321
1.0000000
