kpc/(km/s)
-390.95462683948017
-381.942398327719388
-372.930169815958607
-363.917941304197825
-354.905712792437043
-345.893484280676262
-336.881255768915480
-327.869027257154698
-318.856798745393917
-309.844570233633135
-300.832341721872353
-291.820113210111629
-282.807884698350847
-273.795656186590065
-264.783427674829284
-255.771199163068502
-246.758970651307720
-237.746742139546939
-228.734513627786157
-219.722285116025375
-210.710056604264594
-201.697828092503840
-192.685599580743059
-183.673371068982277
-174.661142557221496
-165.648914045460714
-156.636685533699932
-147.624457021939151
-138.612228510178397
-129.599999998417587
